X
[0, 20, 0, 64, 0, 0, 128, 0, 128, 0, 128, 0, 128, 0, 188, 0, 85, 0, 0, 0]
[0, 20, 0, 0, 0, 0, 128, 0, 128, 0, 128, 0, 128, 0, 188, 0, 85, 0, 0, 0]
Y
[0, 20, 0, 128, 0, 0, 128, 0, 128, 0, 128, 0, 128, 0, 188, 0, 85, 0, 0, 0]
[0, 20, 0, 0, 0, 0, 128, 0, 128, 0, 128, 0, 128, 0, 188, 0, 85, 0, 0, 0]
A
[0, 20, 0, 16, 0, 0, 128, 0, 128, 0, 128, 0, 128, 0, 188, 0, 85, 0, 0, 0]
[0, 20, 0, 0, 0, 0, 128, 0, 128, 0, 128, 0, 128, 0, 188, 0, 85, 0, 0, 0]
B
[0, 20, 0, 32, 0, 0, 128, 0, 128, 0, 128, 0, 128, 0, 188, 0, 85, 0, 0, 0]
[0, 20, 0, 0, 0, 0, 128, 0, 128, 0, 128, 0, 128, 0, 188, 0, 85, 0, 0, 0]

RB
[0, 20, 0, 0, 0, 0, 128, 0, 128, 0, 128, 0, 128, 0, 188, 0, 85, 0, 0, 0]
[0, 20, 0, 2, 0, 0, 128, 0, 128, 0, 128, 0, 128, 0, 188, 0, 85, 0, 0, 0]
RT
[0, 20, 0, 0, 0, 29, 128, 0, 128, 0, 128, 0, 128, 0, 188, 0, 85, 0, 0, 0]
[0, 20, 0, 0, 0, 0, 128, 0, 128, 0, 128, 0, 128, 0, 188, 0, 85, 0, 0, 0]
LB
[0, 20, 0, 1, 0, 0, 128, 0, 128, 0, 128, 0, 128, 0, 188, 0, 85, 0, 0, 0]
[0, 20, 0, 0, 0, 0, 128, 0, 128, 0, 128, 0, 128, 0, 188, 0, 85, 0, 0, 0]
LT
[0, 20, 0, 0, 31, 0, 128, 0, 128, 0, 128, 0, 128, 0, 188, 0, 85, 0, 0, 0]
[0, 20, 0, 0, 0, 0, 128, 0, 128, 0, 128, 0, 128, 0, 188, 0, 85, 0, 0, 0]


up
[0, 20, 0, 0, 0, 0, 128, 0, 255, 127, 128, 0, 128, 0, 188, 0, 85, 0, 0, 0]
[0, 20, 0, 0, 0, 0, 128, 0, 128, 0, 128, 0, 128, 0, 188, 0, 85, 0, 0, 0]
down
[0, 20, 0, 0, 0, 0, 128, 0, 0, 128, 128, 0, 128, 0, 188, 0, 85, 0, 0, 0]
[0, 20, 0, 0, 0, 0, 128, 0, 128, 0, 128, 0, 128, 0, 188, 0, 85, 0, 0, 0]
Right
[0, 20, 0, 0, 0, 0, 255, 127, 128, 0, 128, 0, 128, 0, 188, 0, 85, 0, 0, 0]
[0, 20, 0, 0, 0, 0, 128, 0, 128, 0, 128, 0, 128, 0, 188, 0, 85, 0, 0, 0]
left
[0, 20, 0, 0, 0, 0, 0, 128, 128, 0, 128, 0, 128, 0, 188, 0, 85, 0, 0, 0]
[0, 20, 0, 0, 0, 0, 128, 0, 128, 0, 128, 0, 128, 0, 188, 0, 85, 0, 0, 0]


Joystick left
up
[0, 20, 1, 0, 0, 0, 128, 0, 128, 0, 128, 0, 128, 0, 188, 0, 85, 0, 0, 0]
[0, 20, 0, 0, 0, 0, 128, 0, 128, 0, 128, 0, 128, 0, 188, 0, 85, 0, 0, 0]
down
[0, 20, 2, 0, 0, 0, 128, 0, 128, 0, 128, 0, 128, 0, 188, 0, 85, 0, 0, 0]
[0, 20, 0, 0, 0, 0, 128, 0, 128, 0, 128, 0, 128, 0, 188, 0, 85, 0, 0, 0]
Right
[0, 20, 8, 0, 0, 0, 128, 0, 128, 0, 128, 0, 128, 0, 188, 0, 85, 0, 0, 0]
[0, 20, 0, 0, 0, 0, 128, 0, 128, 0, 128, 0, 128, 0, 188, 0, 85, 0, 0, 0]
left
[0, 20, 4, 0, 0, 0, 128, 0, 128, 0, 128, 0, 128, 0, 188, 0, 85, 0, 0, 0]
[0, 20, 0, 0, 0, 0, 128, 0, 128, 0, 128, 0, 128, 0, 188, 0, 85, 0, 0, 0]

Joystick right
up
[0, 20, 0, 0, 0, 0, 128, 0, 128, 0, 140, 12, 237, 109, 188, 0, 85, 0, 0, 0]
[0, 20, 0, 0, 0, 0, 128, 0, 128, 0, 128, 0, 128, 0, 188, 0, 85, 0, 0, 0]
down
[0, 20, 0, 0, 0, 0, 128, 0, 128, 0, 141, 13, 0, 128, 188, 0, 85, 0, 0, 0]
[0, 20, 0, 0, 0, 0, 128, 0, 128, 0, 128, 0, 128, 0, 188, 0, 85, 0, 0, 0]
Right
[0, 20, 0, 0, 0, 0, 128, 0, 128, 0, 243, 115, 128, 0, 188, 0, 85, 0, 0, 0]
[0, 20, 0, 0, 0, 0, 128, 0, 128, 0, 128, 0, 128, 0, 188, 0, 85, 0, 0, 0]
left
[0, 20, 0, 0, 0, 0, 128, 0, 128, 0, 120, 248, 128, 0, 188, 0, 85, 0, 0, 0]
[0, 20, 0, 0, 0, 0, 128, 0, 128, 0, 128, 0, 128, 0, 188, 0, 85, 0, 0, 0]